0 1 141
0 1 567
0 2 134
0 2 500
0 3 369
0 3 524
0 4 778
0 4 658
0 5 962
0 5 264
0 6 405
0 6 345
0 7 881
0 7 727
0 8 161
0 8 591
0 9 395
0 9 342
0 10 427
0 10 136
1 0 991
1 0 304
1 2 402
1 2 253
1 3 392
1 3 782
1 4 421
1 4 816
1 5 918
1 5 195
1 6 147
1 6 226
1 7 471
1 7 838
1 8 169
1 8 212
1 9 567
1 9 299
1 10 935
1 10 994
2 0 903
2 0 511
2 1 822
2 1 733
2 3 673
2 3 264
2 4 841
2 4 611
2 5 453
2 5 668
2 6 447
2 6 744
2 7 362
2 7 457
2 8 337
2 8 359
2 9 723
2 9 841
2 10 629
2 10 878
3 0 716
3 0 435
3 1 690
3 1 142
3 2 388
3 2 506
3 4 140
3 4 942
3 5 464
3 5 248
3 6 546
3 6 505
3 7 690
3 7 529
3 8 170
3 8 150
3 9 706
3 9 601
3 10 193
3 10 948
4 0 829
4 0 123
4 1 784
4 1 254
4 2 856
4 2 240
4 3 566
4 3 276
4 5 531
4 5 308
4 6 844
4 6 139
4 7 426
4 7 623
4 8 237
4 8 938
4 9 918
4 9 382
4 10 529
4 10 441
5 0 433
5 0 615
5 1 239
5 1 958
5 2 304
5 2 130
5 3 577
5 3 606
5 4 273
5 4 886
5 6 621
5 6 945
5 7 924
5 7 272
5 8 970
5 8 529
5 9 777
5 9 373
5 10 697
5 10 412
6 0 686
6 0 790
6 1 261
6 1 736
6 2 855
6 2 567
6 3 355
6 3 374
6 4 531
6 4 452
6 5 450
6 5 350
6 7 841
6 7 224
6 8 566
6 8 830
6 9 607
6 9 591
6 10 107
6 10 637
7 0 257
7 0 687
7 1 853
7 1 583
7 2 645
7 2 909
7 3 809
7 3 858
7 4 921
7 4 688
7 5 222
7 5 746
7 6 606
7 6 530
7 8 313
7 8 468
7 9 100
7 9 291
7 10 862
7 10 855
8 0 410
8 0 159
8 1 724
8 1 837
8 2 948
8 2 283
8 3 695
8 3 541
8 4 102
8 4 150
8 5 491
8 5 336
8 6 474
8 6 320
8 7 196
8 7 721
8 9 448
8 9 799
8 10 868
8 10 284
9 0 281
9 0 334
9 1 153
9 1 299
9 2 418
9 2 138
9 3 700
9 3 288
9 4 227
9 4 567
9 5 228
9 5 593
9 6 448
9 6 983
9 7 807
9 7 721
9 8 910
9 8 417
9 10 413
9 10 614
10 0 909
10 0 516
10 1 135
10 1 451
10 2 900
10 2 849
10 3 419
10 3 156
10 4 398
10 4 703
10 5 924
10 5 308
10 6 544
10 6 309
10 7 689
10 7 402
10 8 595
10 8 785
10 9 493
10 9 943
0 0 0